0 0.32100474683544306 0.3022151898734177 0.034414556962025354 0.037974683544303785
0 0.8781645569620253 0.5087025316455696 0.037974683544303785 0.04588607594936704
1 0.3993275316455696 0.29825949367088606 0.02966772151898738 0.03322784810126585
1 0.48121044303797467 0.3045886075949367 0.022547468354430434 0.03322784810126585
1 0.5541930379746836 0.3037974683544304 0.026107594936708906 0.03797468354430375
1 0.6360759493670887 0.3037974683544304 0.02848101265822784 0.041139240506329104
1 0.714992088607595 0.3022151898734177 0.03204113924050631 0.037974683544303785
1 0.7891613924050634 0.3014240506329114 0.021360759493670826 0.03639240506329109
1 0.32456487341772156 0.40981012658227844 0.024920886075949368 0.037974683544303785
1 0.31981803797468356 0.5126582278481012 0.022547468354430365 0.03164556962025323
1 0.32337816455696206 0.6170886075949368 0.027294303797468337 0.03481012658227854
1 0.3198180379746836 0.7238924050632911 0.03204113924050635 0.0427215189873418
1 0.31744462025316456 0.8401898734177214 0.029667721518987306 0.02848101265822791
1 0.8775712025316458 0.4137658227848101 0.027294303797468302 0.0427215189873418
1 0.8781645569620253 0.6170886075949368 0.023734177215189903 0.04746835443037959
1 0.8805379746835443 0.7262658227848101 0.028481012658227767 0.037974683544303785
1 0.8775712025316458 0.8354430379746836 0.027294303797468302 0.028481012658227767
1 0.874604430379747 0.3014240506329114 0.030854430379746844 0.03955696202531648
