version https://git-lfs.github.com/spec/v1
oid sha256:99586fae0e5654f441eb60b38d674b108de0b1fb0c2102fce929c75084392c07
size 10399
