version https://git-lfs.github.com/spec/v1
oid sha256:0dec4ef8ac8cd951f0c582a16b30fa096434f9d70333fedfe86707ff97bda8df
size 10376
